624423
624424
624425
624426
624427
624428
624429
624430
624431
624432
624433
624434
624435
624436
624437
624438
624439
624440
624441
624442
624443
624444
624445
624446
624447
624448
624449
624450
624451
624452
624453
624454
624455
624456
624457
624458
624459
624460
624461
624462
624463
624464
624465
624466
624467
624468
624469
624470
624471
624472
624473
624474
624475
624476
624477
624478
624479
624480
624481
624482
624483
624484
624485
624486
624487
624488
624489
624490
624491
624492
624493
624494
624495
624496
624497
624498
624499
624500
624501
624502
624503
624504
624505
624506
624507
624508
624509
624510
624511
624512
624513
624514
624515
624516
624517
624518
624519
624520
624521
624522
624523
624524
624525
624526
624527
624528
624529
624530
624531
624532
624533
624534
624535
624536
624537
624538
624539
624540
624541
624542
624543
624544
624545
624546
624547
624548
624549
624550
624551
624552
624553
624554
624555
624556
624557
624558
624559
624560
624561
624562
624563
624564
624565
624566
624567
624568
624569
624570
624571
624572
624573
624574
624575
624576
624577
624578
624579
624580
624581
624582
624583
624584
624585
624586
624587
624588
624589
624590
624591
624592
624593
624594
624595
624596
624597
624598
624599
624600
624601
624602
624603
624604
624605
624606
624607
624608
624609
624610
624611
624612
624613
624614
624615
624616
624617
624618
624619
624620
624621
624622
624623
624624
624625
624626
624627
624628
624629
624630
624631
624632
624633
624634
624635
624636
624637
624638
624639
624640
624641
624642
624643
624644
624645
624646
624647
624648
624649
624650
624651
624652
624653
624654
624655
624656
624657
624658
624659
624660
624661
624662
624663
624664
624665
624666
624667
624668
624669
624670
624671
624672
624673
624674
624675
624676
624677
624678
624679
624680
624681
624682
624683
624684
624685
624686
624687
624688
624689
624690
624691
624692
624693
624694
624695
624696
624697
624698
624699
624700
624701
624702
624703
624704
624705
624706
624707
624708
624709
624710
624711
624712
624713
624714
624715
624716
624717
624718
624719
624720
624721
624722
624723
624724
624725
624726
624727
624728
624729
624730
624731
624732
624733
624734
624735
624736
624737
624738
624739
624740
624741
624742
624743
624744
624745
624746
624747
624748
624749
624750
624751
624752
624753
624754
624755
624756
624757
624758
624759
624760
624761
624762
624763
624764
624765
624766
624767
624768
624769
624770
624771
624772
624773
624774
624775
624776
624777
624778
624779
624780
624781
624782
624783
624784
624785
624786
624787
624788
624789
624790
624791
624792
624793
624794
624795
624796
624797
624798
624799
624800
624801
624802
624803
624804
624805
624806
624807
624808
624809
624810
624811
624812
624813
624814
624815
624816
624817
624818
624819
624820
624821
624822
624823
624824
624825
624826
624827
624828
624829
624830
624831
624832
624833
624834
624835
624836
624837
624838
624839
624840
624841
624842
624843
624844
624845
624846
624847
624848
624849
624850
624851
624852
624853
624854
624855
624856
624857
624858
624859
624860
624861
624862
624863
624864
624865
624866
624867
624868
624869
624870
624871
624872
624873
624874
624875
624876
624877
624878
624879
624880
624881
624882
624883
624884
624885
624886
624887
624888
624889
624890
624891
624892
624893
624894
624895
624896
624897
624898
624899
624900
624901
624902
624903
624904
624905
624906
624907
624908
624909
624910
624911
624912
624913
624914
624915
624916
624917
624918
624919
624920
624921
624922
624923
624924
624925
624926
624927
624928
624929
624930
624931
624932
624933
624934
624935
624936
624937
624938
624939
624940
624941
624942
624943
624944
624945
624946
624947
624948
624949
624950
624951
624952
624953
624954
624955
624956
624957
624958
624959
624960
624961
624962
624963
624964
624965
624966
624967
624968
624969
624970
624971
624972
624973
624974
624975
624976
624977
624978
624979
624980
624981
624982
624983
624984
624985
624986
624987
624988
624989
624990
624991
624992
624993
624994
624995
624996
624997
624998
624999
625000
625001
625002
625003
625004
625005
625006
625007
625008
625009
625010
625011
625012
625013
625014
625015
625016
625017
625018
625019
625020
625021
625022
625023
625024
625025
625026
625027
625028
625029
625030
625031
625032
625033
625034
625035
625036
625037
625038
625039
625040
625041
625042
625043
625044
625045
625046
625047
625048
625049
625050
625051
625052
625053
625054
625055
625056
625057
625058
625059
625060
625061
625062
625063
625064
625065
625066
625067
625068
625069
625070
625071
625072
625073
625074
625075
625076
625077
625078
625079
625080
625081
625082
625083
625084
625085
625086
625087
625088
625089
625090
625091
625092
625093
625094
625095
625096
625097
625098
625099
625100
625101
625102
625103
625104
625105
625106
625107
625108
625109
625110
625111
625112
625113
625114
625115
625116
625117
625118
625119
625120
625121
625122
625123
625124
625125
625126
625127
625128
625129
625130
625131
625132
625133
625134
625135
625136
625137
625138
625139
625140
625141
625142
625143
625144
625145
625146
625147
625148
625149
625150
625151
625152
625153
625154
625155
625156
625157
625158
625159
625160
625161
625162
625163
625164
625165
625166
625167
625168
625169
625170
625171
625172
625173
625174
625175
625176
625177
625178
625179
625180
625181
625182
625183
625184
625185
625186
625187
625188
625189
625190
625191
625192
625193
625194
625195
625196
625197
625198
625199
625200
625201
625202
625203
625204
625205
625206
625207
625208
625209
625210
625211
625212
625213
625214
625215
625216
625217
625218
625219
625220
625221
625222
625223
625224
625225
625226
625227
625228
625229
625230
625231
625232
625233
625234
625235
625236
625237
625238
625239
625240
625241
625242
625243
625244
625245
625246
625247
625248
625249
625250
625251
625252
625253
625254
625255
625256
625257
625258
625259
625260
625261
625262
625263
625264
625265
625266
625267
625268
625269
625270
625271
625272
625273
625274
625275
625276
625277
625278
625279
625280
625281
625282
625283
625284
625285
625286
625287
625288
625289
625290
625291
625292
625293
625294
625295
625296
625297
625298
625299
625300
625301
625302
625303
625304
625305
625306
625307
625308
625309
625310
625311
625312
625313
625314
625315
625316
625317
625318
625319
625320
625321
625322
625323
625324
625325
625326
625327
625328
625329
625330
625331
625332
625333
625334
625335
625336
625337
625338
625339
625340
625341
625342
625343
625344
625345
625346
625347
625348
625349
625350
625351
625352
625353
625354
625355
625356
625357
625358
625359
625360
625361
625362
625363
625364
625365
625366
625367
625368
625369
625370
625371
625372
625373
625374
625375
625376
625377
625378
625379
625380
625381
625382
625383
625384
625385
625386
625387
625388
625389
625390
625391
625392
625393
625394
625395
625396
625397
625398
625399
625400
625401
625402
625403
625404
625405
625406
625407
625408
625409
625410
625411
625412
625413
625414
625415
625416
625417
625418
625419
625420
625421
625422
625423
625424
625425
625426
625427
625428
625429
625430
625431
625432
625433
625434
625435
625436
625437
625438
625439
625440
625441
625442
625443
625444
625445
625446
625447
625448
625449
625450
625451
625452
625453
625454
625455
625456
625457
625458
625459
625460
625461
625462
625463
625464
625465
625466
625467
625468
625469
625470
625471
625472
625473
625474
625475
625476
625477
625478
625479
625480
625481
625482
625483
625484
625485
625486
625487
625488
625489
625490
625491
625492
625493
625494
625495
625496
625497
625498
625499
625500
625501
625502
625503
625504
625505
625506
625507
625508
625509
625510
625511
625512
625513
625514
625515
625516
625517
625518
625519
625520
625521
625522
625523
625524
625525
625526
625527
625528
625529
625530
625531
625532
625533
625534
625535
625536
625537
625538
625539
625540
625541
625542
625543
625544
625545
625546
625547
625548
625549
625550
625551
625552
625553
625554
625555
625556
625557
625558
625559
625560
625561
625562
625563
625564
625565
625566
625567
625568
625569
625570
625571
625572
625573
625574
625575
625576
625577
625578
625579
625580
625581
625582
625583
625584
625585
625586
625587
625588
625589
625590
625591
625592
625593
625594
625595
625596
625597
625598
625599
625600
625601
625602
625603
625604
625605
625606
625607
625608
625609
625610
625611
625612
625613
625614
625615
625616
625617
625618
625619
625620
625621
625622
625623
625624
625625
625626
625627
625628
625629
625630
625631
625632
625633
625634
625635
625636
625637
625638
625639
625640
625641
625642
625643
625644
625645
625646
625647
625648
625649
625650
625651
625652
625653
625654
625655
625656
625657
625658
625659
625660
625661
625662
625663
625664
625665
625666
625667
625668
625669
625670
625671
625672
625673
625674
625675
625676
625677
625678
625679
625680
625681
625682
625683
625684
625685
625686
625687
625688
625689
625690
625691
625692
625693
625694
625695
625696
625697
625698
625699
625700
625701
625702
625703
625704
625705
625706
625707
625708
625709
625710
625711
625712
625713
625714
625715
625716
625717
625718
625719
625720
625721
625722
625723
625724
625725
625726
625727
625728
625729
625730
625731
625732
625733
625734
625735
625736
625737
625738
625739
625740
625741
625742
625743
625744
625745
625746
625747
625748
625749
625750
625751
625752
625753
625754
625755
625756
625757
625758
625759
625760
625761
625762
625763
625764
625765
625766
625767
625768
625769
625770
625771
625772
625773
625774
625775
625776
625777
625778
625779
625780
625781
625782
625783
625784
625785
625786
625787
625788
625789
625790
625791
625792
625793
625794
625795
625796
625797
625798
625799
625800
625801
625802
625803
625804
625805
625806
625807
625808
625809
625810
625811
625812
625813
625814
625815
625816
625817
625818
625819
625820
625821
625822
625823
625824
625825
625826
625827
625828
625829
625830
625831
625832
625833
625834
625835
625836
625837
625838
625839
625840
625841
625842
625843
625844
625845
625846
625847
625848
625849
625850
625851
625852
625853
625854
625855
625856
625857
625858
625859
625860
625861
625862
625863
625864
625865
625866
625867
625868
625869
625870
625871
625872
625873
625874
625875
625876
625877
625878
625879
625880
625881
625882
625883
625884
625885
625886
625887
625888
625889
625890
625891
625892
625893
625894
625895
625896
625897
625898
625899
625900
625901
625902
625903
625904
625905
625906
625907
625908
625909
625910
625911
625912
625913
625914
625915
625916
625917
625918
625919
625920
625921
625922
625923
625924
625925
625926
625927
625928
625929
625930
625931
625932
625933
625934
625935
625936
625937
625938
625939
625940
625941
625942
625943
625944
625945
625946
625947
625948
625949
625950
625951
625952
625953
625954
625955
625956
625957
625958
625959
625960
625961
625962
625963
625964
625965
625966
625967
625968
625969
625970
625971
625972
625973
625974
625975
625976
625977
625978
625979
625980
625981
625982
625983
625984
625985
625986
625987
625988
625989
625990
625991
625992
625993
625994
625995
625996
625997
625998
625999
626000
626001
626002
626003
626004
626005
626006
626007
626008
626009
626010
626011
626012
626013
626014
626015
626016
626017
626018
626019
626020
626021
626022
626023
626024
626025
626026
626027
626028
626029
626030
626031
626032
626033
626034
626035
626036
626037
626038
626039
626040
626041
626042
626043
626044
626045
626046
626047
626048
626049
626050
626051
626052
626053
626054
626055
626056
626057
626058
626059
626060
626061
626062
626063
626064
626065
626066
626067
626068
626069
626070
626071
626072
626073
626074
626075
626076
626077
626078
626079
626080
626081
626082
626083
626084
626085
626086
626087
626088
626089
626090
626091
626092
626093
626094
626095
626096
626097
626098
626099
626100
626101
626102
626103
626104
626105
626106
626107
626108
626109
626110
626111
626112
626113
626114
626115
626116
626117
626118
626119
626120
626121
626122
626123
626124
626125
626126
626127
626128
626129
626130
626131
626132
626133
626134
626135
626136
626137
626138
626139
626140
626141
626142
626143
626144
626145
626146
626147
626148
626149
626150
626151
626152
626153
626154
626155
626156
626157
626158
626159
626160
626161
626162
626163
626164
626165
626166
626167
626168
626169
626170
626171
626172
626173
626174
626175
626176
626177
626178
626179
626180
626181
626182
626183
626184
626185
626186
626187
626188
626189
626190
626191
626192
626193
626194
626195
626196
626197
626198
626199
626200
626201
626202
626203
626204
626205
626206
626207
626208
626209
626210
626211
626212
626213
626214
626215
626216
626217
626218
626219
626220
626221
626222
626223
626224
626225
626226
626227
626228
626229
626230
626231
626232
626233
626234
626235
626236
626237
626238
626239
626240
626241
626242
626243
626244
626245
626246
626247
626248
626249
626250
626251
626252
626253
626254
626255
626256
626257
626258
626259
626260
626261
626262
626263
626264
626265
626266
626267
626268
626269
626270
626271
626272
626273
626274
626275
626276
626277
626278
626279
626280
626281
626282
626283
626284
626285
626286
626287
626288
626289
626290
626291
626292
626293
626294
626295
626296
626297
626298
626299
626300
626301
626302
626303
626304
626305
626306
626307
626308
626309
626310
626311
626312
626313
626314
626315
626316
626317
626318
626319
626320
626321
626322
626323
626324
626325
626326
626327
626328
626329
626330
626331
626332
626333
626334
626335
626336
626337
626338
626339
626340
626341
626342
626343
626344
626345
626346
626347
626348
626349
626350
626351
626352
626353
626354
626355
626356
626357
626358
626359
626360
626361
626362
626363
626364
626365
626366
626367
626368
626369
626370
626371
626372
626373
626374
626375
626376
626377
626378
626379
626380
626381
626382
626383
626384
626385
626386
626387
626388
626389
626390
626391
626392
626393
626394
626395
626396
626397
626398
626399
626400
626401
626402
626403
626404
626405
626406
626407
626408
626409
626410
626411
626412
626413
626414
626415
626416
626417
626418
626419
626420
626421
626422
626423
626424
626425
626426
626427
626428
626429
626430
626431
626432
626433
626434
626435
626436
626437
626438
626439
626440
626441
626442
626443
626444
626445
626446
626447
626448
626449
626450
626451
626452
626453
626454
626455
626456
626457
626458
626459
626460
626461
626462
626463
626464
626465
626466
626467
626468
626469
626470
626471
626472
626473
626474
626475
626476
626477
626478
626479
626480
626481
626482
626483
626484
626485
626486
626487
626488
626489
626490
626491
626492
626493
626494
626495
626496
626497
626498
626499
626500
626501
626502
626503
626504
626505
626506
626507
626508
626509
626510
626511
626512
626513
626514
626515
626516
626517
626518
626519
626520
626521
626522
626523
626524
626525
626526
626527
626528
626529
626530
626531
626532
626533
626534
626535
626536
626537
626538
626539
626540
626541
626542
626543
626544
626545
626546
626547
626548
626549
626550
626551
626552
626553
626554
626555
626556
626557
626558
626559
626560
626561
626562
626563
626564
626565
626566
626567
626568
626569
626570
626571
626572
626573
626574
626575
626576
626577
626578
626579
626580
626581
626582
626583
626584
626585
626586
626587
626588
626589
626590
626591
626592
626593
626594
626595
626596
626597
626598
626599
626600
626601
626602
626603
626604
626605
626606
626607
626608
626609
626610
626611
626612
626613
626614
626615
626616
626617
626618
626619
626620
626621
626622
626623
626624
626625
626626
626627
626628
626629
626630
626631
626632
626633
626634
626635
626636
626637
626638
626639
626640
626641
626642
626643
626644
626645
626646
626647
626648
626649
626650
626651
626652
626653
626654
626655
626656
626657
626658
626659
626660
626661
626662
626663
626664
626665
626666
626667
626668
626669
626670
626671
626672
626673
626674
626675
626676
626677
626678
626679
626680
626681
626682
626683
626684
626685
626686
626687
626688
626689
626690
626691
626692
626693
626694
626695
626696
626697
626698
626699
626700
626701
626702
626703
626704
626705
626706
626707
626708
626709
626710
626711
626712
626713
626714
626715
626716
626717
626718
626719
626720
626721
626722
626723
626724
626725
626726
626727
626728
626729
626730
626731
626732
626733
626734
626735
626736
626737
626738
626739
626740
626741
626742
626743
626744
626745
626746
626747
626748
626749
626750
626751
626752
626753
626754
626755
626756
626757
626758
626759
626760
626761
626762
626763
626764
626765
626766
626767
626768
626769
626770
626771
626772
626773
626774
626775
626776
626777
626778
626779
626780
626781
626782
626783
626784
626785
626786
626787
626788
626789
626790
626791
626792
626793
626794
626795
626796
626797
626798
626799
626800
626801
626802
626803
626804
626805
626806
626807
626808
626809
626810
626811
626812
626813
626814
626815
626816
626817
626818
626819
626820
626821
626822
626823
626824
626825
626826
626827
626828
626829
626830
626831
626832
626833
626834
626835
626836
626837
626838
626839
626840
626841
626842
626843
626844
626845
626846
626847
626848
626849
626850
626851
626852
626853
626854
626855
626856
626857
626858
626859
626860
626861
626862
626863
626864
626865
626866
626867
626868
626869
626870
626871
626872
626873
626874
626875
626876
626877
626878
626879
626880
626881
626882
626883
626884
626885
626886
626887
626888
626889
626890
626891
626892
626893
626894
626895
626896
626897
626898
626899
626900
626901
626902
626903
626904
626905
626906
626907
626908
626909
626910
626911
626912
626913
626914
626915
626916
626917
626918
626919
626920
626921
626922
626923
626924
626925
626926
626927
626928
626929
626930
626931
626932
626933
626934
626935
626936
626937
626938
626939
626940
626941
626942
626943
626944
626945
626946
626947
626948
626949
626950
626951
626952
626953
626954
626955
626956
626957
626958
626959
626960
626961
626962
626963
626964
626965
626966
626967
626968
626969
626970
626971
626972
626973
626974
626975
626976
626977
626978
626979
626980
626981
626982
626983
626984
626985
626986
626987
626988
626989
626990
626991
626992
626993
626994
626995
626996
626997
626998
626999
627000
627001
627002
627003
627004
627005
627006
627007
627008
627009
627010
627011
627012
627013
627014
627015
627016
627017
627018
627019
627020
627021
627022
627023
627024
627025
627026
627027
627028
627029
627030
627031
627032
627033
627034
627035
627036
627037
627038
627039
627040
627041
627042
627043
627044
627045
627046
627047
627048
627049
627050
627051
627052
627053
627054
627055
627056
627057
627058
627059
627060
627061
627062
627063
627064
627065
627066
627067
627068
627069
627070
627071
627072
627073
627074
627075
627076
627077
627078
627079
627080
627081
627082
627083
627084
627085
627086
627087
627088
627089
627090
627091
627092
627093
627094
627095
627096
627097
627098
627099
627100
627101
627102
627103
627104
627105
627106
627107
627108
627109
627110
627111
627112
627113
627114
627115
627116
627117
627118
627119
627120
627121
627122
627123
627124
627125
627126
627127
627128
627129
627130
627131
627132
627133
627134
627135
627136
627137
627138
627139
627140
627141
627142
627143
627144
627145
627146
627147
627148
627149
627150
627151
627152
627153
627154
627155
627156
627157
627158
627159
627160
627161
627162
627163
627164
627165
627166
627167
627168
627169
627170
627171
627172
627173
627174
627175
627176
627177
627178
627179
627180
627181
627182
627183
627184
627185
627186
627187
627188
627189
627190
627191
627192
627193
627194
627195
627196
627197
627198
627199
627200
627201
627202
627203
627204
627205
627206
627207
627208
627209
627210
627211
627212
627213
627214
627215
627216
627217
627218
627219
627220
627221
627222
627223
627224
627225
627226
627227
627228
627229
627230
627231
627232
627233
627234
627235
627236
627237
627238
627239
627240
627241
627242
627243
627244
627245
627246
627247
627248
627249
627250
627251
627252
627253
627254
627255
627256
627257
627258
627259
627260
627261
627262
627263
627264
627265
627266
627267
627268
627269
627270
627271
627272
627273
627274
627275
627276
627277
627278
627279
627280
627281
627282
627283
627284
627285
627286
627287
627288
627289
627290
627291
627292
627293
627294
627295
627296
627297
627298
627299
627300
627301
627302
627303
627304
627305
627306
627307
627308
627309
627310
627311
627312
627313
627314
627315
627316
627317
627318
627319
627320
627321
627322
627323
627324
627325
627326
627327
627328
627329
627330
627331
627332
627333
627334
627335
627336
627337
627338
627339
627340
627341
627342
627343
627344
627345
627346
627347
627348
627349
627350
627351
627352
627353
627354
627355
627356
627357
627358
627359
627360
627361
627362
627363
627364
627365
627366
627367
627368
627369
627370
627371
627372
627373
627374
627375
627376
627377
627378
627379
627380
627381
627382
627383
627384
627385
627386
627387
627388
627389
627390
627391
627392
627393
627394
627395
627396
627397
627398
627399
627400
627401
627402
627403
627404
627405
627406
627407
627408
627409
627410
627411
627412
627413
627414
627415
627416
627417
627418
627419
627420
627421
627422
627423
627424
627425
627426
627427
627428
627429
627430
627431
627432
627433
627434
627435
627436
627437
627438
627439
627440
627441
627442
627443
627444
627445
627446
627447
627448
627449
627450
627451
627452
627453
627454
627455
627456
627457
627458
627459
627460
627461
627462
627463
627464
627465
627466
627467
627468
627469
627470
627471
627472
627473
627474
627475
627476
627477
627478
627479
627480
627481
627482
627483
627484
627485
627486
627487
627488
627489
627490
627491
627492
627493
627494
627495
627496
627497
627498
627499
627500
627501
627502
627503
627504
627505
627506
627507
627508
627509
627510
627511
627512
627513
627514
627515
627516
627517
627518
627519
627520
627521
627522
627523
627524
627525
627526
627527
627528
627529
627530
627531
627532
627533
627534
627535
627536
627537
627538
627539
627540
627541
627542
627543
627544
627545
627546
627547
627548
627549
627550
627551
627552
627553
627554
627555
627556
627557
627558
627559
627560
627561
627562
627563
627564
627565
627566
627567
627568
627569
627570
627571
627572
627573
627574
627575
627576
627577
627578
627579
627580
627581
627582
627583
627584
627585
627586
627587
627588
627589
627590
627591
627592
627593
627594
627595
627596
627597
627598
627599
627600
627601
627602
627603
627604
627605
627606
627607
627608
627609
627610
627611
627612
627613
627614
627615
627616
627617
627618
627619
627620
627621
627622
627623
627624
627625
627626
627627
627628
627629
627630
627631
627632
627633
627634
627635
627636
627637
627638
627639
627640
627641
627642
627643
627644
627645
627646
627647
627648
627649
627650
627651
627652
627653
627654
627655
627656
627657
627658
627659
627660
627661
627662
627663
627664
627665
627666
627667
627668
627669
627670
627671
627672
627673
627674
627675
627676
627677
627678
627679
627680
627681
627682
627683
627684
627685
627686
627687
627688
627689
627690
627691
627692
627693
627694
627695
627696
627697
627698
627699
627700
627701
627702
627703
627704
627705
627706
627707
627708
627709
627710
627711
627712
627713
627714
627715
627716
627717
627718
627719
627720
627721
627722
627723
627724
627725
627726
627727
627728
627729
627730
627731
627732
627733
627734
627735
627736
627737
627738
627739
627740
627741
627742
627743
627744
627745
627746
627747
627748
627749
627750
627751
627752
627753
627754
627755
627756
627757
627758
627759
627760
627761
627762
627763
627764
627765
627766
627767
627768
627769
627770
627771
627772
627773
627774
627775
627776
627777
627778
627779
627780
627781
627782
627783
627784
627785
627786
627787
627788
627789
627790
627791
627792
627793
627794
627795
627796
627797
627798
627799
627800
627801
627802
627803
627804
627805
627806
627807
627808
627809
627810
627811
627812
627813
627814
627815
627816
627817
627818
627819
627820
627821
627822
627823
627824
627825
627826
627827
627828
627829
627830
627831
627832
627833
627834
627835
627836
627837
627838
627839
627840
627841
627842
627843
627844
627845
627846
627847
627848
627849
627850
627851
627852
627853
627854
627855
627856
627857
627858
627859
627860
627861
627862
627863
627864
627865
627866
627867
627868
627869
627870
627871
627872
627873
627874
627875
627876
627877
627878
627879
627880
627881
627882
627883
627884
627885
627886
627887
627888
627889
627890
627891
627892
627893
627894
627895
627896
627897
627898
627899
627900
627901
627902
627903
627904
627905
627906
627907
627908
627909
627910
627911
627912
627913
627914
627915
627916
627917
627918
627919
627920
627921
627922
627923
627924
627925
627926
627927
627928
627929
627930
627931
627932
627933
627934
627935
627936
627937
627938
627939
627940
627941
627942
627943
627944
627945
627946
627947
627948
627949
627950
627951
627952
627953
627954
627955
627956
627957
627958
627959
627960
627961
627962
627963
627964
627965
627966
627967
627968
627969
627970
627971
627972
627973
627974
627975
627976
627977
627978
627979
627980
627981
627982
627983
627984
627985
627986
627987
627988
627989
627990
627991
627992
627993
627994
627995
627996
627997
627998
627999
628000
628001
628002
628003
628004
628005
628006
628007
628008
628009
628010
628011
628012
628013
628014
628015
628016
628017
628018
628019
628020
628021
628022
628023
628024
628025
628026
628027
628028
628029
628030
628031
628032
628033
628034
628035
628036
628037
628038
628039
628040
628041
628042
628043
628044
628045
628046
628047
628048
628049
628050
628051
628052
628053
628054
628055
628056
628057
628058
628059
628060
628061
628062
628063
628064
628065
628066
628067
628068
628069
628070
628071
628072
628073
628074
628075
628076
628077
628078
628079
628080
628081
628082
628083
628084
628085
628086
628087
628088
628089
628090
628091
628092
628093
628094
628095
628096
628097
628098
628099
628100
628101
628102
628103
628104
628105
628106
628107
628108
628109
628110
628111
628112
628113
628114
628115
628116
628117
628118
628119
628120
628121
628122
628123
628124
628125
628126
628127
628128
628129
628130
628131
628132
628133
628134
628135
628136
628137
628138
628139
628140
628141
628142
628143
628144
628145
628146
628147
628148
628149
628150
628151
628152
628153
628154
628155
628156
628157
628158
628159
628160
628161
628162
628163
628164
628165
628166
628167
628168
628169
628170
628171
628172
628173
628174
628175
628176
628177
628178
628179
628180
628181
628182
628183
628184
628185
628186
628187
628188
628189
628190
628191
628192
628193
628194
628195
628196
628197
628198
628199
628200
628201
628202
628203
628204
628205
628206
628207
628208
628209
628210
628211
628212
628213
628214
628215
628216
628217
628218
628219
628220
628221
628222
628223
628224
628225
628226
628227
628228
628229
628230
628231
628232
628233
628234
628235
628236
628237
628238
628239
628240
628241
628242
628243
628244
628245
628246
628247
628248
628249
628250
628251
628252
628253
628254
628255
628256
628257
628258
628259
628260
628261
628262
628263
628264
628265
628266
628267
628268
628269
628270
628271
628272
628273
628274
628275
628276
628277
628278
628279
628280
628281
628282
628283
628284
628285
628286
628287
628288
628289
628290
628291
628292
628293
628294
628295
628296
628297
628298
628299
628300
628301
628302
628303
628304
628305
628306
628307
628308
628309
628310
628311
628312
628313
628314
628315
628316
628317
628318
628319
628320
628321
628322
628323
628324
628325
628326
628327
628328
628329
628330
628331
628332
628333
628334
628335
628336
628337
628338
628339
628340
628341
628342
628343
628344
628345
628346
628347
628348
628349
628350
628351
628352
628353
628354
628355
628356
628357
628358
628359
628360
628361
628362
628363
628364
628365
628366
628367
628368
628369
628370
628371
628372
628373
628374
628375
628376
628377
628378
628379
628380
628381
628382
628383
628384
628385
628386
628387
628388
628389
628390
628391
628392
628393
628394
628395
628396
628397
628398
628399
628400
628401
628402
628403
628404
628405
628406
628407
628408
628409
628410
628411
628412
628413
628414
628415
628416
628417
628418
628419
628420
628421
628422
628423
628424
628425
628426
628427
628428
628429
628430
628431
628432
628433
628434
628435
628436
628437
628438
628439
628440
628441
628442
628443
628444
628445
628446
628447
628448
628449
628450
628451
628452
628453
628454
628455
628456
628457
628458
628459
628460
628461
628462
628463
628464
628465
628466
628467
628468
628469
628470
628471
628472
628473
628474
628475
628476
628477
628478
628479
628480
628481
628482
628483
628484
628485
628486
628487
628488
628489
628490
628491
628492
628493
628494
628495
628496
628497
628498
628499
628500
628501
628502
628503
628504
628505
628506
628507
628508
628509
628510
628511
628512
628513
628514
628515
628516
628517
628518
628519
628520
628521
628522
628523
628524
628525
628526
628527
628528
628529
628530
628531
628532
628533
628534
628535
628536
628537
628538
628539
628540
628541
628542
628543
628544
628545
628546
628547
628548
628549
628550
628551
628552
628553
628554
628555
628556
628557
628558
628559
628560
628561
628562
628563
628564
628565
628566
628567
628568
628569
628570
628571
628572
628573
628574
628575
628576
628577
628578
628579
628580
628581
628582
628583
628584
628585
628586
628587
628588
628589
628590
628591
628592
628593
628594
628595
628596
628597
628598
628599
628600
628601
628602
628603
628604
628605
628606
628607
628608
628609
628610
628611
628612
628613
628614
628615
628616
628617
628618
628619
628620
628621
628622
628623
628624
628625
628626
628627
628628
628629
628630
628631
628632
628633
628634
628635
628636
628637
628638
628639
628640
628641
628642
628643
628644
628645
628646
628647
628648
628649
628650
628651
628652
628653
628654
628655
628656
628657
628658
628659
628660
628661
628662
628663
628664
628665
628666
628667
628668
628669
628670
628671
628672
628673
628674
628675
628676
628677
628678
628679
628680
628681
628682
628683
628684
628685
628686
628687
628688
628689
628690
628691
628692
628693
628694
628695
628696
628697
628698
628699
628700
628701
628702
628703
628704
628705
628706
628707
628708
628709
628710
628711
628712
628713
628714
628715
628716
628717
628718
628719
628720
628721
628722
628723
628724
628725
628726
628727
628728
628729
628730
628731
628732
628733
628734
628735
628736
628737
628738
628739
628740
628741
628742
628743
628744
628745
628746
628747
628748
628749
628750
628751
628752
628753
628754
628755
628756
628757
628758
628759
628760
628761
628762
628763
628764
628765
628766
628767
628768
628769
628770
628771
628772
628773
628774
628775
628776
628777
628778
628779
628780
628781
628782
628783
628784
628785
628786
628787
628788
628789
628790
628791
628792
628793
628794
628795
628796
628797
628798
628799
628800
628801
628802
628803
628804
628805
628806
628807
628808
628809
628810
628811
628812
628813
628814
628815
628816
628817
628818
628819
628820
628821
628822
628823
628824
628825
628826
628827
628828
628829
628830
628831
628832
628833
628834
628835
628836
628837
628838
628839
628840
628841
628842
628843
628844
628845
628846
628847
628848
628849
628850
628851
628852
628853
628854
628855
628856
628857
628858
628859
628860
628861
628862
628863
628864
628865
628866
628867
628868
628869
628870
628871
628872
628873
628874
628875
628876
628877
628878
628879
628880
628881
628882
628883
628884
628885
628886
628887
628888
628889
628890
628891
628892
628893
628894
628895
628896
628897
628898
628899
628900
628901
628902
628903
628904
628905
628906
628907
628908
628909
628910
628911
628912
628913
628914
628915
628916
628917
628918
628919
628920
628921
628922
628923
628924
628925
628926
628927
628928
628929
628930
628931
628932
628933
628934
628935
628936
628937
628938
628939
628940
628941
628942
628943
628944
628945
628946
628947
628948
628949
628950
628951
628952
628953
628954
628955
628956
628957
628958
628959
628960
628961
628962
628963
628964
628965
628966
628967
628968
628969
628970
628971
628972
628973
628974
628975
628976
628977
628978
628979
628980
628981
628982
628983
628984
628985
628986
628987
628988
628989
628990
628991
628992
628993
628994
628995
628996
628997
628998
628999
629000
629001
629002
629003
629004
629005
629006
629007
629008
629009
629010
629011
629012
629013
629014
629015
629016
629017
629018
629019
629020
629021
629022
629023
629024
629025
629026
629027
629028
629029
629030
629031
629032
629033
629034
629035
629036
629037
629038
629039
629040
629041
629042
629043
629044
629045
629046
629047
629048
629049
629050
629051
629052
629053
629054
629055
629056
629057
629058
629059
629060
629061
629062
629063
629064
629065
629066
629067
629068
629069
629070
629071
629072
629073
629074
629075
629076
629077
629078
629079
629080
629081
629082
629083
629084
629085
629086
629087
629088
629089
629090
629091
629092
629093
629094
629095
629096
629097
629098
629099
629100
629101
629102
629103
629104
629105
629106
629107
629108
629109
629110
629111
629112
629113
629114
629115
629116
629117
629118
629119
629120
629121
629122
629123
629124
629125
629126
629127
629128
629129
629130
629131
629132
629133
629134
629135
629136
629137
629138
629139
629140
629141
629142
629143
629144
629145
629146
629147
629148
629149
629150
629151
629152
629153
629154
629155
629156
629157
629158
629159
629160
629161
629162
629163
629164
629165
629166
629167
629168
629169
629170
629171
629172
629173
629174
629175
629176
629177
629178
629179
629180
629181
629182
629183
629184
629185
629186
629187
629188
629189
629190
629191
629192
629193
629194
629195
629196
629197
629198
629199
629200
629201
629202
629203
629204
629205
629206
629207
629208
629209
629210
629211
629212
629213
629214
629215
629216
629217
629218
629219
629220
629221
629222
629223
629224
629225
629226
629227
629228
629229
629230
629231
629232
629233
629234
629235
629236
629237
629238
629239
629240
629241
629242
629243
629244
629245
629246
629247
629248
629249
629250
629251
629252
629253
629254
629255
629256
629257
629258
629259
629260
629261
629262
629263
629264
629265
629266
629267
629268
629269
629270
629271
629272
629273
629274
629275
629276
629277
629278
629279
629280
629281
629282
629283
629284
629285
629286
629287
629288
629289
629290
629291
629292
629293
629294
629295
629296
629297
629298
629299
629300
629301
629302
629303
629304
629305
629306
629307
629308
629309
629310
629311
629312
629313
629314
629315
629316
629317
629318
629319
629320
629321
629322
629323
629324
629325
629326
629327
629328
629329
629330
629331
629332
629333
629334
629335
629336
629337
629338
629339
629340
629341
629342
629343
629344
629345
629346
629347
629348
629349
629350
629351
629352
629353
629354
629355
629356
629357
629358
629359
629360
629361
629362
629363
629364
629365
629366
629367
629368
629369
629370
629371
629372
629373
629374
629375
629376
629377
629378
629379
629380
629381
629382
629383
629384
629385
629386
629387
629388
629389
629390
629391
629392
629393
629394
629395
629396
629397
629398
629399
629400
629401
629402
629403
629404
629405
629406
629407
629408
629409
629410
629411
629412
629413
629414
629415
629416
629417
629418
629419
629420
629421
629422
629423
629424
629425
629426
629427
629428
629429
629430
629431
629432
629433
629434
629435
629436
629437
629438
629439
629440
629441
629442
629443
629444
629445
629446
629447
629448
629449
629450
629451
629452
629453
629454
629455
629456
629457
629458
629459
629460
629461
629462
629463
629464
629465
629466
629467
629468
629469
629470
629471
629472
629473
629474
629475
629476
629477
629478
629479
629480
629481
629482
629483
629484
629485
629486
629487
629488
629489
629490
629491
629492
629493
629494
629495
629496
629497
629498
629499
629500
629501
629502
629503
629504
629505
629506
629507
629508
629509
629510
629511
629512
629513
629514
629515
629516
629517
629518
629519
629520
629521
629522
629523
629524
629525
629526
629527
629528
629529
629530
629531
629532
629533
629534
629535
629536
629537
629538
629539
629540
629541
629542
629543
629544
629545
629546
629547
629548
629549
629550
629551
629552
629553
629554
629555
629556
629557
629558
629559
629560
629561
629562
629563
629564
629565
629566
629567
629568
629569
629570
629571
629572
629573
629574
629575
629576
629577
629578
629579
629580
629581
629582
629583
629584
629585
629586
629587
629588
629589
629590
629591
629592
629593
629594
629595
629596
629597
629598
629599
629600
629601
629602
629603
629604
629605
629606
629607
629608
629609
629610
629611
629612
629613
629614
629615
629616
629617
629618
629619
629620
629621
629622
629623
629624
629625
629626
629627
629628
629629
629630
629631
629632
629633
629634
629635
629636
629637
629638
629639
629640
629641
629642
629643
629644
629645
629646
629647
629648
629649
629650
629651
629652
629653
629654
629655
629656
629657
629658
629659
629660
629661
629662
629663
629664
629665
629666
629667
629668
629669
629670
629671
629672
629673
629674
629675
629676
629677
629678
629679
629680
629681
629682
629683
629684
629685
629686
629687
629688
629689
629690
629691
629692
629693
629694
629695
629696
629697
629698
629699
629700
629701
629702
629703
629704
629705
629706
629707
629708
629709
629710
629711
629712
629713
629714
629715
629716
629717
629718
629719
629720
629721
629722
629723
629724
629725
629726
629727
629728
629729
629730
629731
629732
629733
629734
629735
629736
629737
629738
629739
629740
629741
629742
629743
629744
629745
629746
629747
629748
629749
629750
629751
629752
629753
629754
629755
629756
629757
629758
629759
629760
629761
629762
629763
629764
629765
629766
629767
629768
629769
629770
629771
629772
629773
629774
629775
629776
629777
629778
629779
629780
629781
629782
629783
629784
629785
629786
629787
629788
629789
629790
629791
629792
629793
629794
629795
629796
629797
629798
629799
629800
629801
629802
629803
629804
629805
629806
629807
629808
629809
629810
629811
629812
629813
629814
629815
629816
629817
629818
629819
629820
629821
629822
629823
629824
629825
629826
629827
629828
629829
629830
629831
629832
629833
629834
629835
629836
629837
629838
629839
629840
629841
629842
629843
629844
629845
629846
629847
629848
629849
629850
629851
629852
629853
629854
629855
629856
629857
629858
629859
629860
629861
629862
629863
629864
629865
629866
629867
629868
629869
629870
629871
629872
629873
629874
629875
629876
629877
629878
629879
629880
629881
629882
629883
629884
629885
629886
629887
629888
629889
629890
629891
629892
629893
629894
629895
629896
629897
629898
629899
629900
629901
629902
629903
629904
629905
629906
629907
629908
629909
629910
629911
629912
629913
629914
629915
629916
629917
629918
629919
629920
629921
629922
629923
629924
629925
629926
629927
629928
629929
629930
629931
629932
629933
629934
629935
629936
629937
629938
629939
629940
629941
629942
629943
629944
629945
629946
629947
629948
629949
629950
629951
629952
629953
629954
629955
629956
629957
629958
629959
629960
629961
629962
629963
629964
629965
629966
629967
629968
629969
629970
629971
629972
629973
629974
629975
629976
629977
629978
629979
629980
629981
629982
629983
629984
629985
629986
629987
629988
629989
629990
629991
629992
629993
629994
629995
629996
629997
629998
629999
630000
630001
630002
630003
630004
630005
630006
630007
630008
630009
630010
630011
630012
630013
630014
630015
630016
630017
630018
630019
630020
630021
630022
630023
630024
630025
630026
630027
630028
630029
630030
630031
630032
630033
630034
630035
630036
630037
630038
630039
630040
630041
630042
630043
630044
630045
630046
630047
630048
630049
630050
630051
630052
630053
630054
630055
630056
630057
630058
630059
630060
630061
630062
630063
630064
630065
630066
630067
630068
630069
630070
630071
630072
630073
630074
630075
630076
630077
630078
630079
630080
630081
630082
630083
630084
630085
630086
630087
630088
630089
630090
630091
630092
630093
630094
630095
630096
630097
630098
630099
630100
630101
630102
630103
630104
630105
630106
630107
630108
630109
630110
630111
630112
630113
630114
630115
630116
630117
630118
630119
630120
630121
630122
630123
630124
630125
630126
630127
630128
630129
630130
630131
630132
630133
630134
630135
630136
630137
630138
630139
630140
630141
630142
630143
630144
630145
630146
630147
630148
630149
630150
630151
630152
630153
630154
630155
630156
630157
630158
630159
630160
630161
630162
630163
630164
630165
630166
630167
630168
630169
630170
630171
630172
630173
630174
630175
630176
630177
630178
630179
630180
630181
630182
630183
630184
630185
630186
630187
630188
630189
630190
630191
630192
630193
630194
630195
630196
630197
630198
630199
630200
630201
630202
630203
630204
630205
630206
630207
630208
630209
630210
630211
630212
630213
630214
630215
630216
630217
630218
630219
630220
630221
630222
630223
630224
630225
630226
630227
630228
630229
630230
630231
630232
630233
630234
630235
630236
630237
630238
630239
630240
630241
630242
630243
630244
630245
630246
630247
630248
630249
630250
630251
630252
630253
630254
630255
630256
630257
630258
630259
630260
630261
630262
630263
630264
630265
630266
630267
630268
630269
630270
630271
630272
630273
630274
630275
630276
630277
630278
630279
630280
630281
630282
630283
630284
630285
630286
630287
630288
630289
630290
630291
630292
630293
630294
630295
630296
630297
630298
630299
630300
630301
630302
630303
630304
630305
630306
630307
630308
630309
630310
630311
630312
630313
630314
630315
630316
630317
630318
630319
630320
630321
630322
630323
630324
630325
630326
630327
630328
630329
630330
630331
630332
630333
630334
630335
630336
630337
630338
630339
630340
630341
630342
630343
630344
630345
630346
630347
630348
630349
630350
630351
630352
630353
630354
630355
630356
630357
630358
630359
630360
630361
630362
630363
630364
630365
630366
630367
630368
630369
630370
630371
630372
630373
630374
630375
630376
630377
630378
630379
630380
630381
630382
630383
630384
630385
630386
630387
630388
630389
630390
630391
630392
630393
630394
630395
630396
630397
630398
630399
630400
630401
630402
630403
630404
630405
630406
630407
630408
630409
630410
630411
630412
630413
630414
630415
630416
630417
630418
630419
630420
630421
630422
630423
630424
630425
630426
630427
630428
630429
630430
630431
630432
630433
630434
630435
630436
630437
630438
630439
630440
630441
630442
630443
630444
630445
630446
630447
630448
630449
630450
630451
630452
630453
630454
630455
630456
630457
630458
630459
630460
630461
630462
630463
630464
630465
630466
630467
630468
630469
630470
630471
630472
630473
630474
630475
630476
630477
630478
630479
630480
630481
630482
630483
630484
630485
630486
630487
630488
630489
630490
630491
630492
630493
630494
630495
630496
630497
630498
630499
630500
630501
630502
630503
630504
630505
630506
630507
630508
630509
630510
630511
630512
630513
630514
630515
630516
630517
630518
630519
630520
630521
630522
630523
630524
630525
630526
630527
630528
630529
630530
630531
630532
630533
630534
630535
630536
630537
630538
630539
630540
630541
630542
630543
630544
630545
630546
630547
630548
630549
630550
630551
630552
630553
630554
630555
630556
630557
630558
630559
630560
630561
630562
630563
630564
630565
630566
630567
630568
630569
630570
630571
630572
630573
630574
630575
630576
630577
630578
630579
630580
630581
630582
630583
630584
630585
630586
630587
630588
630589
630590
630591
630592
630593
630594
630595
630596
630597
630598
630599
630600
630601
630602
630603
630604
630605
630606
630607
630608
630609
630610
630611
630612
630613
630614
630615
630616
630617
630618
630619
630620
630621
630622
630623
630624
630625
630626
630627
630628
630629
630630
630631
630632
630633
630634
630635
630636
630637
630638
630639
630640
630641
630642
630643
630644
630645
630646
630647
630648
630649
630650
630651
630652
630653
630654
630655
630656
630657
630658
630659
630660
630661
630662
630663
630664
630665
630666
630667
630668
630669
630670
630671
630672
630673
630674
630675
630676
630677
630678
630679
630680
630681
630682
630683
630684
630685
630686
630687
630688
630689
630690
630691
630692
630693
630694
630695
630696
630697
630698
630699
630700
630701
630702
630703
630704
630705
630706
630707
630708
630709
630710
630711
630712
630713
630714
630715
630716
630717
630718
630719
630720
630721
630722
630723
630724
630725
630726
630727
630728
630729
630730
630731
630732
630733
630734
630735
630736
630737
630738
630739
630740
630741
630742
630743
630744
630745
630746
630747
630748
630749
630750
630751
630752
630753
630754
630755
630756
630757
630758
630759
630760
630761
630762
630763
630764
630765
630766
630767
630768
630769
630770
630771
630772
630773
630774
630775
630776
630777
630778
630779
630780
630781
630782
630783
630784
630785
630786
630787
630788
630789
630790
630791
630792
630793
630794
630795
630796
630797
630798
630799
630800
630801
630802
630803
630804
630805
630806
630807
630808
630809
630810
630811
630812
630813
630814
630815
630816
630817
630818
630819
630820
630821
630822
630823
630824
630825
630826
630827
630828
630829
630830
630831
630832
630833
630834
630835
630836
630837
630838
630839
630840
630841
630842
630843
630844
630845
630846
630847
630848
630849
630850
630851
630852
630853
630854
630855
630856
630857
630858
630859
630860
630861
630862
630863
630864
630865
630866
630867
630868
630869
630870
630871
630872
630873
630874
630875
630876
630877
630878
630879
630880
630881
630882
630883
630884
630885
630886
630887
630888
630889
630890
630891
630892
630893
630894
630895
630896
630897
630898
630899
630900
630901
630902
630903
630904
630905
630906
630907
630908
630909
630910
630911
630912
630913
630914
630915
630916
630917
630918
630919
630920
630921
630922
630923
630924
630925
630926
630927
630928
630929
630930
630931
630932
630933
630934
630935
630936
630937
630938
630939
630940
630941
630942
630943
630944
630945
630946
630947
630948
630949
630950
630951
630952
630953
630954
630955
630956
630957
630958
630959
630960
630961
630962
630963
630964
630965
630966
630967
630968
630969
630970
630971
630972
630973
630974
630975
630976
630977
630978
630979
630980
630981
630982
630983
630984
630985
630986
630987
630988
630989
630990
630991
630992
630993
630994
630995
630996
630997
630998
630999
631000
631001
631002
631003
631004
631005
631006
631007
631008
631009
631010
631011
631012
631013
631014
631015
631016
631017
631018
631019
631020
631021
631022
631023
631024
631025
631026
631027
631028
631029
631030
631031
631032
631033
631034
631035
631036
631037
631038
631039
631040
631041
631042
631043
631044
631045
631046
631047
631048
631049
631050
631051
631052
631053
631054
631055
631056
631057
631058
631059
631060
631061
631062
631063
631064
631065
631066
631067
631068
631069
631070
631071
631072
631073
631074
631075
631076
631077
631078
631079
631080
631081
631082
631083
631084
631085
631086
631087
631088
631089
631090
631091
631092
631093
631094
631095
631096
631097
631098
631099
631100
631101
631102
631103
631104
631105
631106
631107
631108
631109
631110
631111
631112
631113
631114
631115
631116
631117
631118
631119
631120
631121
631122
631123
631124
631125
631126
631127
631128
631129
631130
631131
631132
631133
631134
631135
631136
631137
631138
631139
631140
631141
631142
631143
631144
631145
631146
631147
631148
631149
631150
631151
631152
631153
631154
631155
631156
631157
631158
631159
631160
631161
631162
631163
631164
631165
631166
631167
631168
631169
631170
631171
631172
631173
631174
631175
631176
631177
631178
631179
631180
631181
631182
631183
631184
631185
631186
631187
631188
631189
631190
631191
631192
631193
631194
631195
631196
631197
631198
631199
631200
631201
631202
631203
631204
631205
631206
631207
631208
631209
631210
631211
631212
631213
631214
631215
631216
631217
631218
631219
631220
631221
631222
631223
631224
631225
631226
631227
631228
631229
631230
631231
631232
631233
631234
631235
631236
631237
631238
631239
631240
631241
631242
631243
631244
631245
631246
631247
631248
631249
631250
631251
631252
631253
631254
631255
631256
631257
631258
631259
631260
631261
631262
631263
631264
631265
631266
631267
631268
631269
631270
631271
631272
631273
631274
631275
631276
631277
631278
631279
631280
631281
631282
631283
631284
631285
631286
631287
631288
631289
631290
631291
631292
631293
631294
631295
631296
631297
631298
631299
631300
631301
631302
631303
631304
631305
631306
631307
631308
631309
631310
631311
631312
631313
631314
631315
631316
631317
631318
631319
631320
631321
631322
631323
631324
631325
631326
631327
631328
631329
631330
631331
631332
631333
631334
631335
631336
631337
631338
631339
631340
631341
631342
631343
631344
631345
631346
631347
631348
631349
631350
631351
631352
631353
631354
631355
631356
631357
631358
631359
631360
631361
631362
631363
631364
631365
631366
631367
631368
631369
631370
631371
631372
631373
631374
631375
631376
631377
631378
631379
631380
631381
631382
631383
631384
631385
631386
631387
631388
631389
631390
631391
631392
631393
631394
631395
631396
631397
631398
631399
631400
631401
631402
631403
631404
631405
631406
631407
631408
631409
631410
631411
631412
631413
631414
631415
631416
631417
631418
631419
631420
631421
631422
631423
631424
631425
631426
631427
631428
631429
631430
631431
631432
631433
631434
631435
631436
631437
631438
631439
631440
631441
631442
631443
631444
631445
631446
631447
631448
631449
631450
631451
631452
631453
631454
631455
631456
631457
631458
631459
631460
631461
631462
631463
631464
631465
631466
631467
631468
631469
631470
631471
631472
631473
631474
631475
631476
631477
631478
631479
631480
631481
631482
631483
631484
631485
631486
631487
631488
631489
631490
631491
631492
631493
631494
631495
631496
631497
631498
631499
631500
631501
631502
631503
631504
631505
631506
631507
631508
631509
631510
631511
631512
631513
631514
631515
631516
631517
631518
631519
631520
631521
631522
631523
631524
631525
631526
631527
631528
631529
631530
631531
631532
631533
631534
631535
631536
631537
631538
631539
631540
631541
631542
631543
631544
631545
631546
631547
631548
631549
631550
631551
631552
631553
631554
631555
631556
631557
631558
631559
631560
631561
631562
631563
631564
631565
631566
631567
631568
631569
631570
631571
631572
631573
631574
631575
631576
631577
631578
631579
631580
631581
631582
631583
631584
631585
631586
631587
631588
631589
631590
631591
631592
631593
631594
631595
631596
631597
631598
631599
631600
631601
631602
631603
631604
631605
631606
631607
631608
631609
631610
631611
631612
631613
631614
631615
631616
631617
631618
631619
631620
631621
631622
631623
631624
631625
631626
631627
631628
631629
631630
631631
631632
631633
631634
631635
631636
631637
631638
631639
631640
631641
631642
631643
631644
631645
631646
631647
631648
631649
631650
631651
631652
631653
631654
631655
631656
631657
631658
631659
631660
631661
631662
631663
631664
631665
631666
631667
631668
631669
631670
631671
631672
631673
631674
631675
631676
631677
631678
631679
631680
631681
631682
631683
631684
631685
631686
631687
631688
631689
631690
631691
631692
631693
631694
631695
631696
631697
631698
631699
631700
631701
631702
631703
631704
631705
631706
631707
631708
631709
631710
631711
631712
631713
631714
631715
631716
631717
631718
631719
631720
631721
631722
631723
631724
631725
631726
631727
631728
631729
631730
631731
631732
631733
631734
631735
631736
631737
631738
631739
631740
631741
631742
631743
631744
631745
631746
631747
631748
631749
631750
631751
631752
631753
631754
631755
631756
631757
631758
631759
631760
631761
631762
631763
631764
631765
631766
631767
631768
631769
631770
631771
631772
631773
631774
631775
631776
631777
631778
631779
631780
631781
631782
631783
631784
631785
631786
631787
631788
631789
631790
631791
631792
631793
631794
631795
631796
631797
631798
631799
631800
631801
631802
631803
631804
631805
631806
631807
631808
631809
631810
631811
631812
631813
631814
631815
631816
631817
631818
631819
631820
631821
631822
631823
631824
631825
631826
631827
631828
631829
631830
631831
631832
631833
631834
631835
631836
631837
631838
631839
631840
631841
631842
631843
631844
631845
631846
631847
631848
631849
631850
631851
631852
631853
631854
631855
631856
631857
631858
631859
631860
631861
631862
631863
631864
631865
631866
631867
631868
631869
631870
631871
631872
631873
631874
631875
631876
631877
631878
631879
631880
631881
631882
631883
631884
631885
631886
631887
631888
631889
631890
631891
631892
631893
631894
631895
631896
631897
631898
631899
631900
631901
631902
631903
631904
631905
631906
631907
631908
631909
631910
631911
631912
631913
631914
631915
631916
631917
631918
631919
631920
631921
631922
631923
631924
631925
631926
631927
631928
631929
631930
631931
631932
631933
631934
631935
631936
631937
631938
631939
631940
631941
631942
631943
631944
631945
631946
631947
631948
631949
631950
631951
631952
631953
631954
631955
631956
631957
631958
631959
631960
631961
631962
631963
631964
631965
631966
631967
631968
631969
631970
631971
631972
631973
631974
631975
631976
631977
631978
631979
631980
631981
631982
631983
631984
631985
631986
631987
631988
631989
631990
631991
631992
631993
631994
631995
631996
631997
631998
631999
632000
632001
632002
632003
632004
632005
632006
632007
632008
632009
632010
632011
632012
632013
632014
632015
632016
632017
632018
632019
632020
632021
632022
632023
632024
632025
632026
632027
632028
632029
632030
632031
632032
632033
632034
632035
632036
632037
632038
632039
632040
632041
632042
632043
632044
632045
632046
632047
632048
632049
632050
632051
632052
632053
632054
632055
632056
632057
632058
632059
632060
632061
632062
632063
632064
632065
632066
632067
632068
632069
632070
632071
632072
632073
632074
632075
632076
632077
632078
632079
632080
632081
632082
632083
632084
632085
632086
632087
632088
632089
632090
632091
632092
632093
632094
632095
632096
632097
632098
632099
632100
632101
632102
632103
632104
632105
632106
632107
632108
632109
632110
632111
632112
632113
632114
632115
632116
632117
632118
632119
632120
632121
632122
632123
632124
632125
632126
632127
632128
632129
632130
632131
632132
632133
632134
632135
632136
632137
632138
632139
632140
632141
632142
632143
632144
632145
632146
632147
632148
632149
632150
632151
632152
632153
632154
632155
632156
632157
632158
632159
632160
632161
632162
632163
632164
632165
632166
632167
632168
632169
632170
632171
632172
632173
632174
632175
632176
632177
632178
632179
632180
632181
632182
632183
632184
632185
632186
632187
632188
632189
632190
632191
632192
632193
632194
632195
632196
632197
632198
632199
632200
632201
632202
632203
632204
632205
632206
632207
632208
632209
632210
632211
632212
632213
632214
632215
632216
632217
632218
632219
632220
632221
632222
632223
632224
632225
632226
632227
632228
632229
632230
632231
632232
632233
632234
632235
632236
632237
632238
632239
632240
632241
632242
632243
632244
632245
632246
632247
632248
632249
632250
632251
632252
632253
632254
632255
632256
632257
632258
632259
632260
632261
632262
632263
632264
632265
632266
632267
632268
632269
632270
632271
632272
632273
632274
632275
632276
632277
632278
632279
632280
632281
632282
632283
632284
632285
632286
632287
632288
632289
632290
632291
632292
632293
632294
632295
632296
632297
632298
632299
632300
632301
632302
632303
632304
632305
632306
632307
632308
632309
632310
632311
632312
632313
632314
632315
632316
632317
632318
632319
632320
632321
632322
632323
632324
632325
632326
632327
632328
632329
632330
632331
632332
632333
632334
632335
632336
632337
632338
632339
632340
632341
632342
632343
632344
632345
632346
632347
632348
632349
632350
632351
632352
632353
632354
632355
632356
632357
632358
632359
632360
632361
632362
632363
632364
632365
632366
632367
632368
632369
632370
632371
632372
632373
632374
632375
632376
632377
632378
632379
632380
632381
632382
632383
632384
632385
632386
632387
632388
632389
632390
632391
632392
632393
632394
632395
632396
632397
632398
632399
632400
632401
632402
632403
632404
632405
632406
632407
632408
632409
632410
632411
632412
632413
632414
632415
632416
632417
632418
632419
632420
632421
632422
632423
632424
632425
632426
632427
632428
632429
632430
632431
632432
632433
632434
632435
632436
632437
632438
632439
632440
632441
632442
632443
632444
632445
632446
632447
632448
632449
632450
632451
632452
632453
632454
632455
632456
632457
632458
632459
632460
632461
632462
632463
632464
632465
632466
632467
632468
632469
632470
632471
632472
632473
632474
632475
632476
632477
632478
632479
632480
632481
632482
632483
632484
632485
632486
632487
632488
632489
632490
632491
632492
632493
632494
632495
632496
632497
632498
632499
632500
632501
632502
632503
632504
632505
632506
632507
632508
632509
632510
632511
632512
632513
632514
632515
632516
632517
632518
632519
632520
632521
632522
632523
632524
632525
632526
632527
632528
632529
632530
632531
632532
632533
632534
632535
632536
632537
632538
632539
632540
632541
632542
632543
632544
632545
632546
632547
632548
632549
632550
632551
632552
632553
632554
632555
632556
632557
632558
632559
632560
632561
632562
632563
632564
632565
632566
632567
632568
632569
632570
632571
632572
632573
632574
632575
632576
632577
632578
632579
632580
632581
632582
632583
632584
632585
632586
632587
632588
632589
632590
632591
632592
632593
632594
632595
632596
632597
632598
632599
632600
632601
632602
632603
632604
632605
632606
632607
632608
632609
632610
632611
632612
632613
632614
632615
632616
632617
632618
632619
632620
632621
632622
632623
632624
632625
632626
632627
632628
632629
632630
632631
632632
632633
632634
632635
632636
632637
632638
632639
632640
632641
632642
632643
632644
632645
632646
632647
632648
632649
632650
632651
632652
632653
632654
632655
632656
632657
632658
632659
632660
632661
632662
632663
632664
632665
632666
632667
632668
632669
632670
632671
632672
632673
632674
632675
632676
632677
632678
632679
632680
632681
632682
632683
632684
632685
632686
632687
632688
632689
632690
632691
632692
632693
632694
632695
632696
632697
632698
632699
632700
632701
632702
632703
632704
632705
632706
632707
632708
632709
632710
632711
632712
632713
632714
632715
632716
632717
632718
632719
632720
632721
632722
632723
632724
632725
632726
632727
632728
632729
632730
632731
632732
632733
632734
632735
632736
632737
632738
632739
632740
632741
632742
632743
632744
632745
632746
632747
632748
632749
632750
632751
632752
632753
632754
632755
632756
632757
632758
632759
632760
632761
632762
632763
632764
632765
632766
632767
632768
632769
632770
632771
632772
632773
632774
632775
632776
632777
632778
632779
632780
632781
632782
632783
632784
632785
632786
632787
632788
632789
632790
632791
632792
632793
632794
632795
632796
632797
632798
632799
632800
